# shot points
-450.0 -350.0 -250.0 -150.0 -50.0 50.0 150.0 250.0 350.0 450.0 550.0 650.0
# receivers
-500.0 -400.0 -300.0 -200.0 -100.0 -25.0 0.0 100.0 125.0 200.0 300.0 400.0 500.0 600.0 700.0
#P velocity model for each layer
#5.000 5.800 6.500 6.700
5.000 6.000 6.500 6.700
#P velocity inversion flag
1 1 1 0
#P bottom model for each layer
#5.100 6.200 6.600 6.800
5.000 6.000 6.500 6.800
#P bottom inversion flag
1 1 1 0
#S velocity model for each layer
2.200 2.800 3.500 3.600
#S velocity inversion flag
0 0 0 0
#S bottom model for each layer
2.300 2.900 3.600 3.700
#S bottom inversion flag
0 0 0 0
# 1 interface
-500.0 -400.0 -200.0 0.0 100.0 300.0 500.0 700.0
16.000 26.000 15.000 16.000 6.000 13.000 26.000 16.000
0 0 0 0 0 0 0 0
# 2 interface
-500.0 -400.0 -200.0 0.0 100.0 300.0 500.0 700.0
#-56.000 -52.000 -54.000 -56.000 -58.000 -56.000 -54.000 -52.000
-66.000 -66.000 -66.000 -66.000 -66.000 -66.000 -66.000 -66.000
1 1 1 1 1 1 1 1
#0 0 0 0 0 0 0 0
# 3 interface
-500.0 -400.0 -200.0 0.0 100.0 300.0 500.0 700.0
#-82.000 -84.000 -86.000 -88.000 -86.000 -84.000 -82.000 -86.000
-96.000 -96.000 -96.000 -96.000 -96.000 -96.000 -96.000 -96.000
1 1 1 1 1 1 1 1
#0 0 0 0 0 0 0 0
# 4 interface
-500.0  700.0
-206.000  -206.000
  0         0 
#raypath code according to interface number
1 1
# P or S between each raypath segment
1
# shot 1 travel times
0.000 10.000 29.998 49.991 0.000 84.949 89.938 109.883 114.867 129.815 0.000 169.615 189.428 209.123 228.731
# shot 2 travel times
0.000 10.000 10.000 0.000 0.000 0.000 0.000 89.938 94.929 109.893 0.000 0.000 169.533 189.281 209.016
# shot 3 travel times
49.992 29.998 10.000 0.000 0.000 0.000 0.000 69.973 74.967 89.943 0.000 0.000 149.645 169.475 189.306
# shot 4 travel times
69.976 0.000 0.000 0.000 0.000 24.999 29.998 49.990 54.987 0.000 0.000 0.000 129.765 149.657 169.548
# shot 5 travel times
89.943 0.000 0.000 0.000 10.000 5.000 10.000 29.998 34.996 0.000 0.000 0.000 0.000 0.000 149.723
# shot 6 travel times
109.887 89.936 0.000 49.990 29.998 15.000 10.000 0.000 0.000 0.000 0.000 0.000 0.000 0.000 0.000
# shot 7 travel times
129.808 109.888 89.942 69.973 49.989 0.000 0.000 0.000 0.000 0.000 0.000 0.000 0.000 89.947 109.911
# shot 8 travel times
149.716 0.000 0.000 0.000 0.000 0.000 0.000 0.000 0.000 0.000 0.000 29.998 49.991 69.977 89.953
# shot 9 travel times
169.608 0.000 0.000 0.000 0.000 0.000 0.000 0.000 0.000 0.000 10.000 10.000 29.998 49.992 69.977
# shot 10 travel times
189.464 169.590 0.000 0.000 0.000 0.000 0.000 0.000 0.000 49.990 29.998 10.000 10.000 29.998 49.991
# shot 11 travel times
209.229 189.349 169.484 149.639 129.776 0.000 0.000 0.000 0.000 69.975 49.992 29.998 10.000 10.000 0.000
# shot 12 travel times
228.850 209.032 189.269 169.502 149.689 0.000 0.000 109.902 104.917 89.951 69.978 49.992 29.998 0.000 0.000
#raypath code according to interface number
1 2 2 1
# P or S between each raypath segment
1 1 1
# shot 1 travel times
0.000 0.000 0.000 0.000 74.688 87.745 92.043 108.062 0.000 0.000 0.000 0.000 0.000 0.000 0.000
# shot 2 travel times
0.000 0.000 0.000 0.000 0.000 70.227 74.602 91.252 95.168 0.000 0.000 0.000 0.000 0.000 0.000
# shot 3 travel times
0.000 0.000 0.000 0.000 0.000 0.000 0.000 73.753 77.773 89.964 0.000 0.000 0.000 0.000 0.000
# shot 4 travel times
74.477 0.000 0.000 0.000 0.000 0.000 0.000 56.840 60.915 73.316 90.442 0.000 0.000 0.000 0.000
# shot 5 travel times
91.591 74.739 0.000 0.000 0.000 0.000 0.000 0.000 0.000 56.130 73.588 91.262 0.000 0.000 0.000
# shot 6 travel times
108.164 91.935 74.266 0.000 0.000 0.000 0.000 0.000 0.000 0.000 55.617 73.541 91.141 0.000 0.000
# shot 7 travel times
0.000 107.545 90.409 73.361 56.506 0.000 0.000 0.000 0.000 0.000 0.000 56.293 74.139 90.855 0.000
# shot 8 travel times
0.000 0.000 0.000 90.043 73.479 60.292 55.767 0.000 0.000 0.000 0.000 0.000 0.000 74.772 90.653
# shot 9 travel times
0.000 0.000 0.000 0.000 90.932 78.025 73.537 55.813 0.000 0.000 0.000 0.000 0.000 0.000 74.788
# shot 10 travel times
0.000 0.000 0.000 0.000 0.000 95.644 91.270 73.762 69.496 0.000 0.000 0.000 0.000 0.000 0.000
# shot 11 travel times
0.000 0.000 0.000 0.000 0.000 0.000 0.000 91.035 86.874 74.531 0.000 0.000 0.000 0.000 0.000
# shot 12 travel times
0.000 0.000 0.000 0.000 0.000 0.000 0.000 0.000 0.000 90.654 74.825 0.000 0.000 0.000 0.000
#raypath code according to interface number
1 2 3 3 2 1
# P or S between each raypath segment
1 1 1 1 1
# shot 1 travel times
0.000 0.000 0.000 0.000 76.453 88.305 92.227 106.988 110.496 0.000 0.000 0.000 0.000 0.000 0.000
# shot 2 travel times
0.000 0.000 0.000 0.000 0.000 0.000 76.429 91.191 0.000 0.000 0.000 0.000 0.000 0.000 0.000
# shot 3 travel times
0.000 0.000 0.000 0.000 0.000 0.000 0.000 0.000 0.000 0.000 0.000 0.000 0.000 0.000 0.000
# shot 4 travel times
75.961 0.000 0.000 0.000 0.000 0.000 0.000 0.000 0.000 0.000 0.000 106.497 122.628 0.000 0.000
# shot 5 travel times
91.558 76.625 0.000 0.000 0.000 0.000 0.000 0.000 0.000 0.000 74.650 91.051 107.184 122.234 0.000
# shot 6 travel times
107.038 92.105 75.876 0.000 0.000 0.000 0.000 0.000 0.000 0.000 0.000 74.608 90.741 105.793 120.372
# shot 7 travel times
121.251 0.000 0.000 0.000 0.000 0.000 0.000 0.000 0.000 0.000 0.000 0.000 75.129 90.181 0.000
# shot 8 travel times
0.000 0.000 0.000 0.000 74.490 0.000 0.000 0.000 0.000 0.000 0.000 0.000 0.000 75.533 90.114
# shot 9 travel times
0.000 0.000 0.000 105.754 90.690 78.758 74.631 0.000 0.000 0.000 0.000 0.000 0.000 0.000 75.789
# shot 10 travel times
0.000 0.000 0.000 122.133 107.071 0.000 91.012 74.791 70.935 0.000 0.000 0.000 0.000 0.000 0.000
# shot 11 travel times
0.000 0.000 0.000 0.000 122.739 0.000 106.682 90.461 86.605 75.424 0.000 0.000 0.000 0.000 0.000
# shot 12 travel times
0.000 0.000 0.000 0.000 0.000 125.396 0.000 105.050 101.194 90.014 75.604 0.000 0.000 0.000 0.000
#raypath code according to interface number
1 2 1
# P or S between each raypath segment
1 1
# shot 1 travel times
30.556 31.940 42.686 57.793 75.199 89.110 93.825 112.824 117.576 131.764 150.824 170.262 189.877 209.568 229.283
# shot 2 travel times
42.358 32.570 31.945 41.542 57.070 70.374 74.946 93.514 98.176 112.192 131.267 150.733 170.367 190.084 209.898
# shot 3 travel times
57.887 42.347 30.664 29.454 40.510 52.551 56.856 74.675 79.202 93.003 112.026 131.460 151.113 170.821 190.423
# shot 4 travel times
75.244 57.421 40.802 29.042 29.503 37.598 41.092 56.841 61.068 74.342 93.046 112.302 131.783 151.305 170.758
# shot 5 travel times
93.776 75.090 56.868 40.712 30.192 29.236 30.422 40.582 44.101 56.131 74.099 93.025 112.332 131.747 151.123
# shot 6 travel times
112.888 93.724 74.810 56.949 41.142 31.846 29.586 27.970 29.752 38.917 55.600 74.100 93.205 112.470 131.704
# shot 7 travel times
132.080 112.555 93.219 74.482 56.524 43.705 39.650 26.779 25.200 26.582 39.128 56.293 74.787 93.663 112.586
# shot 8 travel times
151.085 131.421 111.996 92.979 74.254 60.312 55.741 38.749 35.105 27.188 28.361 40.931 57.631 75.533 93.844
# shot 9 travel times
170.342 150.710 131.305 112.163 93.063 78.728 74.001 55.810 51.538 39.906 29.869 31.430 42.902 58.382 75.509
# shot 10 travel times
189.882 170.267 150.870 131.673 112.335 97.836 93.053 74.389 69.880 56.939 42.017 32.682 33.247 42.936 57.678
# shot 11 travel times
209.538 189.936 170.585 151.292 131.778 117.194 112.378 93.429 88.792 75.212 58.189 43.270 32.786 31.468 41.058
# shot 12 travel times
229.243 209.655 190.358 170.863 151.227 136.581 131.733 112.558 107.827 93.812 75.620 58.171 42.051 29.949 28.893
#raypath code according to interface number
1 2 3 2 1
# P or S between each raypath segment
1 1 1 1
# shot 1 travel times
38.929 41.346 50.013 61.814 76.456 88.514 92.564 0.000 0.000 0.000 0.000 0.000 0.000 0.000 0.000
# shot 2 travel times
48.870 43.082 42.714 48.982 61.263 72.537 76.421 91.634 95.364 0.000 0.000 0.000 0.000 0.000 0.000
# shot 3 travel times
61.607 49.967 41.191 39.652 47.596 57.244 60.760 75.073 78.702 90.159 0.000 0.000 0.000 0.000 0.000
# shot 4 travel times
75.972 61.608 48.014 39.113 39.673 45.591 48.194 60.108 63.424 74.391 90.623 0.000 0.000 0.000 0.000
# shot 5 travel times
92.019 76.620 60.969 47.783 40.507 39.972 40.669 47.041 49.558 59.114 74.666 91.475 0.000 0.000 0.000
# shot 6 travel times
0.000 92.435 75.882 60.546 48.061 41.070 39.309 36.966 37.962 44.544 58.417 74.640 91.316 0.000 0.000
# shot 7 travel times
0.000 0.000 90.699 74.498 59.573 48.983 45.631 35.310 34.114 34.997 44.708 59.228 75.203 90.912 0.000
# shot 8 travel times
0.000 0.000 0.000 90.196 74.532 62.641 58.665 44.228 41.359 35.720 37.083 46.942 60.757 75.623 90.738
# shot 9 travel times
0.000 0.000 0.000 0.000 91.132 78.835 74.644 58.617 55.013 45.719 38.682 40.187 48.986 61.459 75.837
# shot 10 travel times
0.000 0.000 0.000 0.000 0.000 0.000 91.486 74.850 70.943 60.018 48.097 41.366 41.995 49.339 61.426
# shot 11 travel times
0.000 0.000 0.000 0.000 0.000 0.000 0.000 91.144 87.120 75.507 61.269 49.400 41.891 41.169 48.348
# shot 12 travel times
0.000 0.000 0.000 0.000 0.000 0.000 0.000 0.000 0.000 90.706 75.680 61.472 48.917 40.241 39.571
#raypath code according to interface number
1 2 3 4 3 2 1
# P or S between each raypath segment
1 1 1 1 1 1
# shot 1 travel times
76.178 78.188 81.746 87.172 0.000 0.000 0.000 118.798 121.569 130.912 145.267 160.509 0.000 189.642 203.548
# shot 2 travel times
81.223 79.514 78.984 80.953 87.650 0.000 0.000 0.000 0.000 117.565 131.357 146.174 160.897 0.000 188.544
# shot 3 travel times
0.000 81.801 77.376 75.747 79.418 84.453 86.293 0.000 0.000 0.000 0.000 131.543 145.932 0.000 173.219
# shot 4 travel times
0.000 87.658 80.044 75.028 75.323 78.014 79.126 84.232 0.000 0.000 0.000 0.000 0.000 145.910 0.000
# shot 5 travel times
0.000 0.000 87.168 79.163 75.918 75.786 75.964 77.793 78.905 0.000 0.000 0.000 0.000 0.000 145.401
# shot 6 travel times
118.841 0.000 0.000 85.163 78.646 75.616 74.778 72.787 73.051 76.064 0.000 0.000 0.000 0.000 130.540
# shot 7 travel times
130.401 118.215 0.000 0.000 0.000 78.645 76.927 71.371 70.753 71.186 76.248 0.000 0.000 0.000 0.000
# shot 8 travel times
144.067 131.277 0.000 0.000 0.000 0.000 0.000 75.715 74.266 72.017 73.514 78.926 0.000 0.000 0.000
# shot 9 travel times
159.223 145.987 131.374 0.000 0.000 0.000 0.000 0.000 0.000 77.421 75.326 77.110 81.595 0.000 0.000
# shot 10 travel times
0.000 161.057 146.074 132.022 0.000 0.000 0.000 0.000 0.000 0.000 80.435 78.528 79.244 81.955 0.000
# shot 11 travel times
189.411 0.000 160.298 145.915 0.000 0.000 0.000 0.000 0.000 0.000 0.000 82.112 78.982 77.896 80.421
# shot 12 travel times
0.000 0.000 173.821 0.000 145.772 0.000 0.000 0.000 0.000 0.000 0.000 0.000 81.281 76.564 75.623