# shot points
      1   20   39 
# receivers
      1   3   5   7   9  11  13  15  17  19  21  23  25  27  29  31  33  35  37  39
#P velocity model for each layer
1.5 5.2 -6.80  8.1
#P velocity inversion flag
0    1     1    0
#P bottom model for each layer
-1.5 6.8  7.0  8.2
#P bottom inversion flag
0    1    1    0
#S velocity model for each layer
0.00 3.200  3.560  4.470
#S velocity inversion flag
0 1  1  0
#S bottom model for each layer
0.00 3.560  4.00  4.500
#S bottom inversion flag
0  1  1   0
# interface number 1
       0.000      40.000
       0.000       0.000
           0           0
# interface number 2
  0     2     4     6     8    10    12    14    16    18    20    22    24    26    28    30    32    34    36    38     40
-2.96706432179 -2.37159499363 -2.72918673712 -2.4597150813 -2.90119450637 -3.03044764134 -2.39821329602 -2.31125133038 -2.26466596098 -2.642393531 -3.33031168788 -2.39437409294 -2.41731136405 -2.47138881275 -2.55157115759 -3.04836413519 -2.45246741327 -2.23507904048 -2.54901184785 -2.39352463673 -2.02621165301
# -3    -3    -3    -3    -3    -3    -3    -3    -3    -3    -3    -3    -3    -3    -3    -3    -3    -3    -3    -3     -3
#  1     1     1     1     1     1     1     1     1     1     1     1     1     1     1     1     1     1     1     1     1     
  0     0     0     0     0     0     0     0     0     0     0     0     0     0     0     0     0     0     0     0      0
#      1         6       10     16          20      36       30      34        39
#   -2.6701  -2.4597  -3.0304  -2.2647   -3.3301  -2.4714  -3.0484  -2.2351   -2.2101
#      0         0       0       0          0        0        0       0         0
#      1       20       39
#   -2.6701 -3.3301   -2.2101
#      0       0        0
#      1       20       39
#   -2.6      -2.6     -2.6
#      0       0        0
# interface number 3
      0   10    20    30   40
   -4.5  -4.5  -4.5   1     0
     1    1     1     1     1
#     0   0     0     0     0
# interface number 4
     0    10    20    30    40
#   -9.0  -9.50 -9.0  -8.5  -9.0
   -9.0   -9.0  -9.0  -9.0  -9.0
     1     1    1      1     1
#      0     0    0      0     0
# interface number 5
  0.000  40.000
  -20.0  -20.0
   0       0
#raypath code according to interface number
2 2 1
# P or S between each raypath segment
 1  1
#shot 1
 0.0000  2.02172 2.52511 2.76213 3.26348 3.52816 3.62874 3.89711 4.20846 4.68271 5.1144  5.16951 5.48761 5.81686 6.16923 6.59704 6.68578 6.93691 7.34196 7.53352 
#shot 2
 4.6383  4.43011 4.06039 3.88422 3.68485 3.11694 2.75438 2.41927 2.23255 0.00000 0.00000 2.16437 2.49479 2.82758 3.18373 3.61971 3.7113  3.96602 4.37577 4.5747  
#shot 3
 7.69239 7.48814 7.12435 6.95041 6.75929 6.19444 5.83521 5.50418 5.32164 5.28077 4.66623 4.34672 4.06056 3.78967 3.65668 3.15536 2.74391 2.51611 1.98593 0.00000 
#raypath code according to interface number
2 3 3 2 1
# P or S between each raypath segment
 1 1 1 1
#shot 1
 0.0000  2.02172 2.52511 2.76213 3.26348 3.52816 3.62874 3.89711 4.20846 4.68271 5.1144  5.16951 5.48761 5.81686 6.16923 6.59704 6.68578 6.93691 7.34196 7.53352 
#shot 2
 4.6383  4.43011 4.06039 3.88422 3.68485 3.11694 2.75438 2.41927 2.23255 0.00000 0.00000 2.16437 2.49479 2.82758 3.18373 3.61971 3.7113  3.96602 4.37577 4.5747  
#shot 3
 7.69239 7.48814 7.12435 6.95041 6.75929 6.19444 5.83521 5.50418 5.32164 5.28077 4.66623 4.34672 4.06056 3.78967 3.65668 3.15536 2.74391 2.51611 1.98593 0.00000 
#raypath code according to interface number
2  3  4  3  2  1  
# P or S between each raypath segment
 1  1   1  1  1
#shot 1
 0.00000 3.72725 3.85709 3.96565 4.27309 4.36821 4.40067 4.57664 4.81894 5.22238 5.53823 5.56802 5.83792 6.11331 6.42468 6.79187 6.86063 7.08815 7.45219 7.6199  
#shot 2
 5.11423 4.94871 4.66652 4.53918 4.44004 4.0363  3.78766 3.61926 3.58742 0.00000 0.00000 3.50732 3.59825 3.73862 3.9629  4.20388 4.23101 4.42183 4.7496  4.89516 
#shot 3
 7.78435 7.58837 7.25516 7.09198 6.92806 6.38842 6.0506  5.7547  5.60177 5.5839  5.06128 4.79379 4.5790  4.39268 4.33991 4.06149 3.81385 3.75782 3.73735 0.00000 